10886
3846
2090
1655
15870
12517
29548
13716
806
28164
12624
6160
14561
19373
19533
29842
23569
16025
20514
24284
21381
30797
9935
26573
11345
19646
12432
26542
4720
18824
21770
15607
22670
23860
17262
5772
3609
14042
19489
4416
9438
32113
10576
23999
18718
30110
21073
9520
13367
8820
1036
1980
6849
10972
28553
18195
30618
8218
11969
2571
27042
971
18178
16944
24831
2672
22717
28440
16714
9438
88
26152
8783
10665
17383
27501
8007
5688
4253
21374
14508
5290
23355
21358
16262
19140
6785
14112
27358
18754
16683
21632
19725
2093
5809
11788
4765
28526
7460
21479
5196
7549
14863
13979
18214
32246
8712
26221
5167
12966
14827
19675
18256
5414
8265
1750
24555
15050
15862
19145
1036
32546
8010
20761
1871
13819
32549
6637
9577
7242
28116
14773
14791
10212
28752
237
9690
4696
26458
14857
17662
8517
1765
3150
13932
10030
4900
5719
25081
20763
24864
26117
20541
106
14111
22412
13925
13892
29049
23502
21134
24398
5507
3157
1842
1491
3394
11532
6188
29852
26390
23850
5602
28155
27001
19534
5417
31901
25253
30498
19896
17349
23848
7669
17456
5191
30082
31381
19083
26363
22116
7450
17993
27623
10607
19835
29115
14002
31368
2535
11086
24990
26385
16688
20377
20618
3454
25794
19752
28707
23525
6880
13289
14605
14550
30745
19796
11864
29358
6111
5459
18706
13561
23453
13562
24169
10520
9909
5403
9120
12444
16489
1342
6061
410
21719
26680
3864
14746
13664
32572
5503
20544
13093
20108
2326
11070
7136
14190
7660
13247
19650
26367
26809
10335
7161
18210
20855
17070
23613
29976
29514
7334
31318
2807
7744
20270
29487
11609
2248
10383
11413
7751
30928
24506
27859
486
2808
2227
14677
10468
15474
1559
4067
9515
11894
11228
27725
32749
28298
18570
29957
25044
25905
28508
27852
881
16010
24571
12490
18258
2187
23903
26009
347
15641
21100
833
18449
23327
15510
28918
6033
17069
217
15549
28963
11446
10506
28945
6976
29077
26134
32021
22214
21874
27105
23095
5116
18908
2818
23374
21095
26721
16615
21442
9595
4947
22276
28044
28274
5018
24194
1540
22088
24412
17089
18283
3090
27595
14460
10066
23904
7827
9319
13350
29701
3656
3678
2050
22565
6496
25424
10892
449
9272
32335
10044
14219
21843
5321
9726
26861
29515
11266
16181
21159
28355
1697
24249
23182
16157
1548
14319
23984
10867
27669
20918
14524
31347
22968
4321
5075
15624
15213
5525
24896
14780
15569
6348
3855
20890
16074
30717
17638
27340
14130
6029
22927
15827
30279
13341
31985
31827
27660
23201
9926
22562
11351
24450
21141
1551
28771
26217
17176
11217
31742
9304
25997
14543
15652
29853
2666
31726
27802
20304
26298
9164
26333
16457
24992
23844
29799
24209
22903
24691
14642
62
14485
25994
24512
2859
27545
20516
29076
11953
31733
28050
21258
24962
9825
4142
22047
12491
3101
17081
27
29399
26246
26361
13089
18470
17437
10120
9911
7573
2043
24553
7635
16529
17779
32147
19388
12557
19895
15696
24510
18860
10978
13000
11055
20803
17143
334
527
20244
17416
554
16875
10894
26915
29964
29364
11585
7316
6507
19158
9360
31060
26793
25889
16072
26172
12509
28629
13300
28205
20371
32160
6415
604
10447
27218
17747
10782
27745
5223
28198
28300
22098
6324
22447
19295
2920
1264
26611
9427
20422
3203
7719
14447
29092
23791
7852
8833
19652
21152
4270
7256
20544
10685
7860
30992
5136
25607
9006
113
30830
4436
28413
20160
10760
18093
6687
13680
19357
531
23107
7012
3734
30826
21459
59
21850
29311
8892
8734
17695
13163
15990
5472
23848
23850
3696
28984
16689
12702
29098
14751
17138
24743
2144
27898
10068
8831
8810
29426
9362
31917
3670
13097
29975
25129
13156
19057
21673
22048
27792
6600
2443
11014
12072
26292
2097
15768
22508
18786
28470
18838
770
12840
10814
2914
7970
20882
11745
16780
17540
21108
15929
21210
1437
13137
13572
14593
32194
2477
3873
27218
9077
6317
5465
21150
32609
7562
4150
22349
26348
32621
8420
27118
12693
19234
30032
20664
7348
9010
4676
24889
30118
20606
13331
31555
975
26903
13380
401
29380
17253
27620
5690
23570
317
26840
23411
7879
30990
12993
1459
30843
21413
28578
10769
7879
25842
31433
15227
2084
3341
7348
32202
23947
20680
30989
24922
14815
11601
25324
11428
28855
20176
17118
19657
20493
11190
10301
28372
9412
23294
29831
7488
11939
25641
18257
19818
18716
16922
2277
20800
20263
9626
20235
11443
30306
18456
3597
12353
30058
28921
23781
26145
